06:12:33	4330	1.01,0.14,0.13,0.13,0.12,0.13,0.12,0.11,0.12,0.12,0.13,0.10,0.10,0.10,0.10,0.10,0.12,0.12,0.10,0.10,0.10,0.10,0.10,0.11,0.10,0.11,0.14,0.11,0.11,0.11
06:13:03	1434	2.38,0.10,0.11,0.12,0.11,0.12
06:13:15	3003	2.17,0.10,0.11,0.13,0.12,0.10,0.10,0.10,0.10,0.10,0.10,0.10,0.16
06:13:38	4330	1.37,0.12,0.14,0.13,0.15,0.11,0.12,0.13,0.14,0.13,0.11,0.14,0.12,0.13,0.13,0.12,0.11,0.12,0.11,0.10,0.10,0.10,0.10,0.10,0.17,0.12,0.11,0.13,0.10
06:14:08	1434	2.42,0.10,0.10,0.11,0.11,0.10
06:14:21	3003	2.56,0.18,0.17,0.16,0.13,0.12,0.12,0.10,0.12,0.12,0.10
06:14:44	4330	1.35,0.10,0.13,0.12,0.16,0.17,0.18,0.10,0.11,0.13,0.12,0.11,0.13,0.11,0.13,0.12,0.15,0.14,0.15,0.11,0.11,0.11,0.14,0.13,0.14,0.14,0.11
06:15:50	4330	0.99,0.13,0.13,0.14,0.17,0.17,0.13,0.17,0.14,0.15,0.14,0.14,0.15,0.15,0.18,0.12,0.15,0.15,0.14,0.14,0.14,0.15,0.16,0.15
06:16:19	1434	2.15,0.15,0.14,0.14,0.12
06:16:32	3003	2.49,0.15,0.14,0.15,0.17,0.15,0.14,0.10,0.11,0.12,0.13,0.10
06:16:55	4330	1.05,0.13,0.16,0.15,0.18,0.17,0.15,0.13,0.16,0.17,0.15,0.17,0.15,0.16,0.15,0.16,0.13,0.12,0.16,0.13,0.16,0.16,0.16
06:26:02	4330	0.10,0.14,0.16,0.18,0.16,0.18,0.19,0.18,0.17,0.15,0.16,0.19,0.17,0.19,0.13,0.19,0.17,0.19,0.20,0.19,0.21,0.16
06:26:32	1434	2.51,0.15,0.15,0.14,0.13
06:26:45	3003	2.58,0.22,0.17,0.13,0.16,0.23,0.18,0.19,0.10
06:27:08	4330	1.20,0.15,0.18,0.23,0.22,0.22,0.23,0.20,0.20,0.19,0.22,0.22,0.20,0.23,0.21,0.21,0.12
06:27:38	1434	2.44,0.18,0.14,0.22
06:27:51	3003	2.74,0.17,0.20,0.20,0.21,0.17,0.16,0.10
06:28:16	4330	2.74,0.97,0.64,0.47,0.34
